3 0.29375 0.05234375 0.028125 0.0578125
3 0.62265625 0.05078125 0.0265625 0.05546875
3 0.6296875 0.3828125 0.02578125 0.05859375
3 0.29453125 0.38515625 0.03046875 0.059375
3 0.29375 0.73125 0.02734375 0.059375
3 0.63671875 0.72890625 0.028125 0.05859375
5 0.07421875 0.259375 0.02890625 0.02109375
6 0.12734375 0.27109375 0.040625 0.01484375
5 0.4078125 0.25859375 0.03046875 0.02109375
6 0.46015625 0.26875 0.040625 0.01484375
6 0.11953125 0.6140625 0.03828125 0.0140625
5 0.06875 0.60234375 0.03046875 0.0203125
5 0.41015625 0.5984375 0.03046875 0.021875
6 0.46328125 0.61015625 0.03984375 0.0140625
5 0.0640625 0.959375 0.0296875 0.021875
6 0.1171875 0.9703125 0.0390625 0.0140625
5 0.41171875 0.95546875 0.0328125 0.02265625
6 0.465625 0.96796875 0.04296875 0.015625