0 0.15 0.09375 0.05390625 0.04453125
0 0.478125 0.09609375 0.05625 0.0453125
1 0.27421875 0.38359375 0.05859375 0.0328125
1 0.609375 0.38671875 0.0609375 0.0328125
2 0.790625 0.128125 0.04140625 0.053125
2 0.80234375 0.45234375 0.03984375 0.05390625
3 0.315625 0.7296875 0.03046875 0.0609375
3 0.66171875 0.72734375 0.02890625 0.05859375
0 0.1359375 0.76484375 0.05859375 0.04765625
4 0.140625 0.20078125 0.0296875 0.01953125
4 0.47109375 0.2015625 0.0296875 0.02109375
4 0.19296875 0.28125 0.0296875 0.01953125
4 0.52890625 0.28359375 0.028125 0.02109375
6 0.1515625 0.2734375 0.03671875 0.0125
5 0.1015625 0.26171875 0.0296875 0.01953125
4 0.4703125 0.53515625 0.028125 0.02109375
4 0.5296875 0.61875 0.0296875 0.01796875