4 0.13515625 0.215625 0.0265625 0.01875
4 0.190625 0.29921875 0.02890625 0.01875
4 0.51328125 0.2953125 0.03046875 0.01953125
4 0.45703125 0.21328125 0.02578125 0.01953125
4 0.1375 0.5546875 0.028125 0.02109375
4 0.19296875 0.63828125 0.03125 0.0203125
4 0.46328125 0.55390625 0.03203125 0.02109375
4 0.51796875 0.63359375 0.02890625 0.02109375
4 0.140625 0.89609375 0.02890625 0.021875
4 0.19609375 0.9796875 0.02890625 0.0203125
4 0.46484375 0.89453125 0.03125 0.0234375
4 0.521875 0.97734375 0.03046875 0.02109375
0 0.47109375 0.43671875 0.05078125 0.04453125