3 0.32421875 0.06796875 0.03046875 0.05625
3 0.63203125 0.06640625 0.025 0.0546875
3 0.63828125 0.3875 0.02578125 0.05703125
3 0.32578125 0.38984375 0.02890625 0.059375
3 0.32578125 0.72578125 0.0265625 0.05859375
3 0.64453125 0.721875 0.025 0.0578125
5 0.12109375 0.26796875 0.02734375 0.02109375
6 0.16953125 0.2796875 0.03671875 0.01484375
5 0.43125 0.2671875 0.028125 0.0203125
6 0.4796875 0.27734375 0.03828125 0.0140625
5 0.115625 0.6 0.028125 0.01953125
6 0.16328125 0.6109375 0.0359375 0.0140625
5 0.43359375 0.59609375 0.02734375 0.02109375
6 0.48203125 0.60703125 0.03671875 0.01328125
5 0.43515625 0.940625 0.028125 0.02265625
6 0.484375 0.953125 0.03671875 0.0140625
5 0.11171875 0.94453125 0.02734375 0.02109375
6 0.1609375 0.95625 0.0390625 0.0140625