4 0.134375 0.240625 0.02734375 0.01875
4 0.45546875 0.23671875 0.02890625 0.02109375
4 0.134375 0.5640625 0.0296875 0.02265625
4 0.459375 0.5625 0.03125 0.02265625
4 0.1390625 0.89140625 0.02734375 0.01953125
4 0.4625 0.890625 0.0296875 0.01953125
4 0.51953125 0.97109375 0.03046875 0.01953125
4 0.1953125 0.971875 0.02890625 0.01953125
4 0.1921875 0.64453125 0.02890625 0.01875
4 0.515625 0.64140625 0.028125 0.01953125
4 0.51171875 0.3171875 0.034375 0.0234375
0 0.46875 0.4515625 0.0515625 0.04375
4 0.1890625 0.31953125 0.028125 0.01796875