4 0.190625 0.3 0.028125 0.01875
4 0.51484375 0.296875 0.03203125 0.0203125
4 0.45859375 0.2140625 0.028125 0.02109375
4 0.19609375 0.965625 0.02890625 0.01875
4 0.52421875 0.96484375 0.03046875 0.021875
4 0.140625 0.884375 0.0296875 0.02265625
4 0.465625 0.8828125 0.03046875 0.021875
4 0.19375 0.63203125 0.028125 0.0203125
4 0.51953125 0.62734375 0.028125 0.0203125
4 0.4625 0.54921875 0.028125 0.021875
4 0.1359375 0.55 0.02734375 0.02109375
4 0.13515625 0.21875 0.02578125 0.01953125
0 0.47265625 0.434375 0.0515625 0.0453125
6 0.47734375 0.6203125 0.03828125 0.0140625
5 0.428125 0.609375 0.028125 0.02109375