0 0.16875 0.0890625 0.05 0.04375
0 0.4734375 0.08671875 0.0484375 0.0453125
0 0.16328125 0.42109375 0.0515625 0.0484375
0 0.478125 0.4203125 0.04765625 0.04453125
0 0.4796875 0.76640625 0.05078125 0.04453125
0 0.15703125 0.7671875 0.05546875 0.05
1 0.28359375 0.053125 0.053125 0.03515625
1 0.584375 0.05078125 0.0515625 0.034375
1 0.5953125 0.38359375 0.05234375 0.03046875
1 0.284375 0.38515625 0.053125 0.03203125
1 0.28203125 0.73125 0.059375 0.03515625
1 0.603125 0.72890625 0.0515625 0.03125
2 0.76328125 0.1171875 0.03671875 0.0546875
2 0.88046875 0.18828125 0.0390625 0.05703125
2 0.77265625 0.4484375 0.0375 0.05390625
2 0.89375 0.52578125 0.0375 0.053125
2 0.784375 0.8 0.0375 0.0578125
2 0.9046875 0.878125 0.03984375 0.05546875
3 0.328125 0.06015625 0.0234375 0.05546875
3 0.6296875 0.0546875 0.0296875 0.0546875
3 0.63828125 0.3859375 0.02421875 0.05546875
3 0.3265625 0.3875 0.02734375 0.05625
3 0.3265625 0.734375 0.0265625 0.0609375
3 0.6453125 0.73046875 0.02578125 0.05859375
4 0.15703125 0.1984375 0.02890625 0.021875
4 0.46484375 0.19765625 0.028125 0.01953125
5 0.121875 0.26171875 0.02734375 0.021875
5 0.43125 0.26171875 0.02890625 0.02109375