0 0.15546875 0.09296875 0.05 0.04375
0 0.46953125 0.09140625 0.04765625 0.040625
0 0.15 0.41796875 0.0546875 0.0484375
0 0.47109375 0.41875 0.0515625 0.04453125
0 0.1453125 0.75859375 0.053125 0.0453125
0 0.475 0.75703125 0.04921875 0.04140625
1 0.271875 0.059375 0.05546875 0.03359375
1 0.5828125 0.05703125 0.05234375 0.0328125
1 0.27265625 0.38359375 0.0546875 0.03046875
1 0.5921875 0.38203125 0.05234375 0.0296875
1 0.27109375 0.72265625 0.06015625 0.034375
1 0.59921875 0.7203125 0.053125 0.03203125
2 0.76484375 0.1203125 0.0359375 0.0515625
2 0.88515625 0.1921875 0.0390625 0.0546875
2 0.77578125 0.4453125 0.0359375 0.05390625
2 0.90078125 0.521875 0.03671875 0.05234375
2 0.7875 0.7890625 0.03828125 0.0578125
2 0.9109375 0.8671875 0.040625 0.05546875
3 0.31796875 0.06484375 0.0265625 0.05546875
3 0.6265625 0.06015625 0.03125 0.05546875
3 0.63671875 0.38359375 0.028125 0.0578125
3 0.315625 0.3875 0.02890625 0.05859375
3 0.3171875 0.7234375 0.028125 0.06015625
3 0.64296875 0.72265625 0.0265625 0.059375
4 0.14453125 0.2015625 0.03125 0.02265625
4 0.4578125 0.2 0.02734375 0.02265625
4 0.51328125 0.2796875 0.028125 0.01953125
4 0.19453125 0.28125 0.028125 0.0203125
5 0.10625 0.26328125 0.02890625 0.021875
6 0.15625 0.27421875 0.03828125 0.01328125
5 0.42421875 0.26171875 0.03046875 0.0203125
6 0.475 0.27265625 0.0390625 0.01328125