0 0.165625 0.11796875 0.0484375 0.04296875
0 0.47265625 0.11640625 0.04453125 0.03984375
0 0.47421875 0.43203125 0.04921875 0.04609375
0 0.15859375 0.43125 0.053125 0.04609375
0 0.1546875 0.759375 0.053125 0.04453125
0 0.4765625 0.75703125 0.04921875 0.040625
1 0.6 0.72265625 0.053125 0.03125
1 0.278125 0.72421875 0.0609375 0.03359375
1 0.2796875 0.39765625 0.05234375 0.03125
1 0.5921875 0.396875 0.05078125 0.02890625
1 0.58359375 0.08359375 0.053125 0.03203125
1 0.27890625 0.0859375 0.05234375 0.03359375
2 0.7609375 0.14453125 0.034375 0.04921875
2 0.878125 0.21328125 0.03984375 0.0546875
2 0.771875 0.4578125 0.0375 0.0515625
2 0.89375 0.53125 0.034375 0.05
2 0.78359375 0.78984375 0.0390625 0.0546875
2 0.90390625 0.8640625 0.0421875 0.05390625
3 0.64296875 0.7234375 0.02734375 0.05625
3 0.32265625 0.72734375 0.02734375 0.05703125
3 0.3234375 0.4015625 0.028125 0.053125
3 0.6359375 0.3984375 0.02578125 0.05390625
3 0.32421875 0.09140625 0.02734375 0.0546875
3 0.62734375 0.08671875 0.02734375 0.0546875
4 0.15234375 0.22265625 0.02890625 0.01953125
4 0.46171875 0.22109375 0.0265625 0.01875
4 0.515625 0.29921875 0.02734375 0.01796875
4 0.203125 0.30078125 0.02890625 0.01875
4 0.20234375 0.621875 0.028125 0.02265625
4 0.51875 0.6203125 0.02890625 0.0203125
4 0.1484375 0.540625 0.02890625 0.0203125
4 0.465625 0.5390625 0.0296875 0.021875
5 0.1171875 0.28125 0.02734375 0.02109375
5 0.42890625 0.28203125 0.03125 0.02265625
5 0.1109375 0.6046875 0.02890625 0.02265625
6 0.165625 0.29296875 0.03828125 0.01328125
6 0.47734375 0.29140625 0.0375 0.01328125