0 0.140625 0.090625 0.05546875 0.04609375
0 0.47421875 0.0921875 0.0578125 0.046875
0 0.1265625 0.765625 0.0546875 0.04765625
1 0.265625 0.3828125 0.059375 0.03359375
1 0.60859375 0.38515625 0.06015625 0.03359375
2 0.8046875 0.4515625 0.04140625 0.05625
2 0.7953125 0.125 0.04140625 0.05234375
5 0.0890625 0.26015625 0.03046875 0.0203125
6 0.14140625 0.271875 0.03828125 0.01484375
4 0.5265625 0.28203125 0.03046875 0.0203125
4 0.46796875 0.2 0.0296875 0.02109375
4 0.128125 0.1984375 0.02890625 0.01953125
4 0.11875 0.53515625 0.03046875 0.021875
4 0.17734375 0.6203125 0.03046875 0.02421875
4 0.52734375 0.61953125 0.03125 0.01953125
4 0.46796875 0.53515625 0.03203125 0.021875
4 0.1828125 0.2796875 0.02890625 0.01953125
3 0.31015625 0.73046875 0.02890625 0.05859375
3 0.66328125 0.72890625 0.02734375 0.05703125