3 0.3140625 0.08203125 0.03125 0.05703125
3 0.63203125 0.390625 0.0265625 0.0546875
3 0.31171875 0.71953125 0.03203125 0.05859375
3 0.63828125 0.7140625 0.02578125 0.0578125
5 0.10625 0.27421875 0.02890625 0.01953125
6 0.15546875 0.2859375 0.03828125 0.01328125
5 0.421875 0.27265625 0.02890625 0.0203125
6 0.471875 0.284375 0.0390625 0.0140625
5 0.09921875 0.5953125 0.02890625 0.0203125
6 0.15 0.60703125 0.03984375 0.0140625
5 0.42421875 0.5921875 0.02890625 0.0234375
6 0.475 0.60390625 0.04140625 0.0171875
6 0.14609375 0.9421875 0.04140625 0.02109375
5 0.425 0.9265625 0.02890625 0.0203125