3 0.325 0.0953125 0.02890625 0.05625
3 0.32265625 0.40546875 0.0296875 0.0578125
3 0.63828125 0.40234375 0.0265625 0.05546875
3 0.64609375 0.725 0.028125 0.05546875
5 0.1171875 0.2875 0.03046875 0.02109375
6 0.1671875 0.2984375 0.03984375 0.01484375
5 0.43125 0.2859375 0.03125 0.021875
6 0.48125 0.296875 0.04140625 0.01640625
5 0.1109375 0.60703125 0.0296875 0.0203125
6 0.1609375 0.61796875 0.03671875 0.01328125
5 0.4328125 0.603125 0.02890625 0.0203125
6 0.48203125 0.6140625 0.03984375 0.01328125
6 0.1578125 0.95 0.03828125 0.015625
5 0.43515625 0.93515625 0.03046875 0.021875