5 0.1078125 0.25859375 0.02734375 0.0203125
6 0.1578125 0.26953125 0.0375 0.0140625
4 0.1453125 0.19765625 0.02734375 0.01953125
4 0.19921875 0.278125 0.02890625 0.01953125
4 0.53046875 0.28046875 0.028125 0.01953125
4 0.47421875 0.1984375 0.02890625 0.01953125
4 0.1359375 0.52890625 0.02890625 0.0171875
4 0.19296875 0.6140625 0.02734375 0.01875
4 0.47421875 0.528125 0.028125 0.0203125
4 0.53203125 0.61171875 0.02578125 0.01796875
3 0.32109375 0.72265625 0.0296875 0.0625
3 0.6609375 0.7203125 0.02890625 0.06015625
0 0.1421875 0.7578125 0.05546875 0.05