0 0.1515625 0.1 0.05 0.04375
0 0.146875 0.41875 0.053125 0.04609375
0 0.14296875 0.7546875 0.05078125 0.0453125
0 0.4703125 0.753125 0.0484375 0.04140625
0 0.4671875 0.41875 0.04921875 0.04375
0 0.465625 0.09765625 0.0453125 0.0390625
1 0.26875 0.065625 0.05234375 0.034375
1 0.58125 0.06171875 0.05 0.03203125
1 0.58828125 0.3828125 0.0515625 0.0296875
1 0.2703125 0.38515625 0.05234375 0.03125
1 0.26875 0.71875 0.05859375 0.03359375
1 0.5953125 0.71640625 0.05234375 0.03046875
3 0.3140625 0.7203125 0.025 0.05703125
3 0.63828125 0.71796875 0.02578125 0.0546875
3 0.63359375 0.38515625 0.02578125 0.0546875
3 0.31328125 0.3875 0.0265625 0.05390625
3 0.3140625 0.071875 0.02265625 0.05390625
3 0.62578125 0.0703125 0.02265625 0.0546875
2 0.76015625 0.12578125 0.0390625 0.05234375
2 0.8796875 0.1953125 0.03984375 0.053125
2 0.77109375 0.44453125 0.03828125 0.05234375
2 0.89140625 0.5203125 0.0421875 0.053125
2 0.78046875 0.7859375 0.04375 0.059375
2 0.90390625 0.86015625 0.04453125 0.0546875