0 0.16640625 0.1578125 0.05 0.03828125
0 0.475 0.15546875 0.04453125 0.0359375
0 0.47578125 0.44609375 0.05 0.03984375
0 0.16171875 0.446875 0.053125 0.0421875
0 0.1578125 0.7484375 0.053125 0.040625
0 0.48046875 0.7453125 0.0484375 0.0375
1 0.6015625 0.7140625 0.05078125 0.03046875
1 0.28046875 0.71640625 0.059375 0.03046875
1 0.284375 0.41484375 0.05390625 0.03046875
1 0.59375 0.4140625 0.05 0.02734375
1 0.5890625 0.125 0.05 0.0296875
1 0.2828125 0.1265625 0.05390625 0.03125
2 0.76484375 0.18125 0.0375 0.0484375
2 0.88125 0.24375 0.03828125 0.04921875
2 0.775 0.46953125 0.0390625 0.046875
2 0.8953125 0.5375 0.03984375 0.046875
2 0.7859375 0.7765625 0.03984375 0.05078125
2 0.90703125 0.84296875 0.04140625 0.04921875
3 0.64453125 0.71484375 0.025 0.05
3 0.3265625 0.71796875 0.025 0.05234375
3 0.32578125 0.41796875 0.025 0.0484375
3 0.32578125 0.13125 0.0234375 0.04921875
3 0.63203125 0.13046875 0.0234375 0.0484375
3 0.6390625 0.415625 0.025 0.0484375