2 0.88359375 0.22109375 0.04296875 0.0515625
2 0.7859375 0.77421875 0.04296875 0.05546875
2 0.9078125 0.84609375 0.0453125 0.05546875
0 0.478125 0.74375 0.0515625 0.040625
0 0.153125 0.746875 0.05234375 0.0421875
0 0.1578125 0.43203125 0.05390625 0.04375
0 0.47265625 0.43203125 0.046875 0.040625
0 0.4734375 0.1296875 0.04453125 0.0359375
0 0.16171875 0.13125 0.04921875 0.0390625
1 0.28046875 0.09921875 0.05703125 0.03203125
1 0.58828125 0.09765625 0.0515625 0.03125
1 0.28046875 0.39921875 0.05390625 0.0296875
1 0.59296875 0.3984375 0.04921875 0.028125
1 0.6015625 0.7109375 0.0515625 0.0296875
1 0.278125 0.71328125 0.0578125 0.03125
3 0.32421875 0.71484375 0.025 0.0546875
3 0.64375 0.71171875 0.02265625 0.0515625
3 0.321875 0.403125 0.025 0.05
3 0.63828125 0.4 0.0234375 0.05
3 0.63203125 0.10234375 0.0234375 0.05078125
3 0.3234375 0.10390625 0.025 0.05078125