0 0.16953125 0.1484375 0.05078125 0.040625
0 0.475 0.146875 0.0453125 0.03671875
0 0.16328125 0.440625 0.0546875 0.04296875
0 0.4765625 0.440625 0.0515625 0.04140625
0 0.1609375 0.746875 0.0515625 0.04140625
0 0.47890625 0.74609375 0.04921875 0.03984375
1 0.28359375 0.715625 0.059375 0.03359375
1 0.60234375 0.71328125 0.05234375 0.0296875
1 0.59375 0.40859375 0.05 0.028125
1 0.28515625 0.41015625 0.0515625 0.02734375
3 0.328125 0.71796875 0.0265625 0.053125
3 0.64296875 0.71484375 0.02578125 0.05234375
2 0.78359375 0.775 0.03984375 0.05234375
2 0.90234375 0.84453125 0.04296875 0.05
2 0.87734375 0.2359375 0.0390625 0.04921875